
0.0 216.44 0 0 46.0 315.11 449.0 0 0 0 230.23 139.0 0 0 0 0 89.78 23.89 0 40.55 0 0 0 0 0 45.56 0 0 0 78.44 0 63.22 425.77 
0 0 0 0 0 0 0 0 0 0.0 0 0 0 0 0 0 0 83.57 0 0 0 0 0 0 0 0 0 208.07 
0.0 80.07 173.13 0 0 0 0 0 0 0 0 0 0 0 0 77.03 0 0 43.37 0 0 0 42.93 12.77 576.76 
0.0 0 0 0 0 1.87 0 0 164.2 242.73 0 0 99.5 29.83 0 0 138.3 11.07 0 0 135.9 318.6 
0 121.05 0 0 0 0 0 0 0.8 0 0 109.8 0 197.85 
0 0 0 0 37.6 0 0 0 0 5.47 0 0 0 0 0 0 0 530.29 
0.0 0 125.83 172.5 0 0 0 49.5 0 0 0 0 68.33 116.34 277.5 0 0 165.34 114.84 0 289.5 674.5 
37.67 0 0 83.6 0 0 0 0 0 60.38 0 0 0 100.21 200.21 0 408.31 
0 0 0 775.14 0 57.14 118.86 285.39 0 41.68 0 133.18 0 394.11 0 106.07 148.14 0 56.04 86.14 0 188.39 723.64 
28.0 0 0 20.67 217.33 0 156.33 0 299.25 0 129.25 0 0 122.42 94.83 0 89.5 0 108.67 582.6700000000001 
0.0 0 0 0 0 104.62 100.0 0 560.38 0 0 312.38 0 610.25 0 33.12 0 0 341.25 0 124.25 177.62 58.75 0 422.75 374.13 
0 0 264.12 0 136.5 0 0 0 0 0 124.62 0 0 0 0 0 0 0 0 0 0 0 0 0 0 0 380.37 
61.91 0 0 0 0 0 0 0 0 0 0 0 0 0 0 0 19.09 0 0 0 45.09 0 0 0 72.64 76.82 
0 0 0 0 0 0 0 0 0 0 0 0 0 0 0 0 0 0 0 13.7 
0 0 0 354.43 0 10.86 23.0 89.57 52.86 37.71 0 0 0 0 20.14 171.29000000000002 
0 0 0 0 0 0 0 0 0.0 31.17 0 0 0 0 0 0 123.17 746.1700000000001 






0 178.33 0 20.0 0 0 95.33 0 0 0 0 105.56 549.8800000000001 
0 0 0 175.67 0 0 0 0 47.0 0 0 0.17 0 0 0 0 0 52.83 
0 0 0 288.3 0 220.03 92.6 
334.75 0 383.62 0 430.75 0 627.5 590.62 365.0 0 949.88 0 0 497.0 0 476.75 0 653.12 0 215.62 359.0 0 0 0 1479.0 
76.92 166.0 93.75 0 0 0 168.0 0 0 0 0 0 0 0 0 0 55.92 0 0 22.75 73.58 0 0 0 0 689.92 
14.04 310.43 4.21 0 0 0 0 0 16.64 130.11 0 0 204.25 235.04 0 0 0 0 145.29 28.11 0 0 319.14 0 0 13.32 0 0 0 1586.29 
27.5 101.83 0 133.3 0 321.47 0 268.9 159.4 0 0 63.47 0 135.37 438.9 29.5 29.07 0 164.67 9.33 0.1 0 0 24.0 0 10.03 347.2 1393.5 
485.53 239.77 0 328.4 0 0 0 0 139.5 173.6 15.4 0 0 47.97 76.0 168.13 564.0 
32.63 0 0 29.25 0 0 0 74.63 140.37 0 66.75 0.0 73.12 0 0 0 0 185.0 0 0 151.5 173.0 547.24 
132.0 0 0 0 0 0 0 0 0 0 0 0 0 0 0 0 0 0 0 0 0 0 0 0 0 57.2 
0.0 188.03 292.83 245.5 185.28 0 0 0 166.58 123.14 0 147.39 0 0 90.64 0 56.89 186.75 103.14 172.5 481.25 
312.7 0 0 0 0 0 0 0 0 0 3.1 0 24.1 
169.62 0 0 76.88 0 0 0 0 117.75999999999999 

0 48.91 0 0 87.23 17.27 0 0 0 0 72.18 0 49.09 0 0 0 8.09 0 0 0 0 0 0 0 0 0 0 113.68 0 0 28.45 0 143.36 0 72.45 0 0 0 0 64.05 92.86 1133.97 

0 0 0 0 0 0 0 0 0 140.27 
84.0 132.0 0 55.12 0 0 0 0 0 0 0 0 0 0 0 0 0 0 0 0 0 0 0 0 0 0 0 0 447.01 




0 0 0 0 0 0 7.33 0 0 0 0 0 652.24 
0 0 68.5 0 0 0 0 0 138.5 117.25 0 0 172.17 256.08 0 106.92 0 0 51.58 0 111.25 0 0 0 0 150.75 59.42 0 4.5 0.0 0 0.5 116.08 10.0 54.25 0 0 0 58.5 655.99 
0 0 0 0 0 0 0 0 0 13.11 0 0 0 0 0 0 0 0 0 0 
0 0 0 68.83 0 0 1.78 0 0 0 0 0 0 183.33 0 0 0 0 0 0 30.5 0 0 0 0 0 0 73.78 0 0 16.17 0 214.0 
0 10.63 0 0 12.2 0 0 0 0 0 0 0 231.57 0 0 45.74 0 173.23 0 310.77 253.29 0 579.4599999999999 
0 12.0 0 0 0 0 99.0 111.0 241.8 
0 0 0 0 0 0 77.67 0.0 0 0 0 0 8.66 44.16 0 0 0 0 0 0 0 0 251.01 
46.58 106.83 2.92 145.17 0 0 0 0 0 122.25 0 26.5 0 0 0.0 64.25 0 0 1.42 0 286.09000000000003 
258.67 0 0 36.06 0 801.17 463.17 298.94 201.28 0 258.89 46.39 0 0.0 68.83 550.5 
0.0 0 0 0 0 0 0 210.33 0 0 72.83 0 0 0 0 0 187.33 274.17 
429.33 0 0 0 0 0 0 0 0 0 0 0 0 89.67 0 0 0 0 0 260.11 0 105.78 
0 122.0 64.6 0 0 0 0 0 0 0 0 0 0 0 0 0 146.7 
0 322.75 0 0 0 0 0 0 0 52.25 0 256.75 0 167.25 0 0 0 376.0 0 0 0 0 0 1051.75 
47.11 275.67 54.44 2.56 0 0 0 0 0 159.33 0 0 0 0 0 0 470.28 
0 0 0 0 0.0 0 0 0 0 118.14 0 0 0 0 0 0 0 0 0 0 0 0 37.0 42.0 0 0 0 0 0 0 0 0 606.29 
0 0 0 0 48.22 0 0 0 0 0 0 0 0 0 249.11 0 0 0 0 0 0 0 0 0 238.55 






0 0 0 0 0 0 277.24 0 0 0 22.62 0 0 0 0 0 0 0 0 0 0 177.05 
0 47.89 0 5.66 0 0 0 0 170.89 0 0 0 134.33 0 0 93.67 0 34.33 0 0 101.89 0 0 0 0 87.11 0 1543.1000000000004 
0 0 0 0 134.0 0 0 
0 36.25 0 0 20.13 99.5 0 0 0 0 166.0 0 0 80.38 0 0 140.12 0 0 0 57.12 0 0 24.0 0 0 0 0 0 0 0 0 15.5 240.5 
0 64.27 205.43 0 0 287.7 0 0 97.33 319.0 140.03 
0 0 0 0 0 0 0 0 0 0 0 0 0 0 0 0 0 0 426.2 
25.83 0 0 0 0 19.17 0 0 0 167.67 0 0 0 0 92.83 0 0 0 0 0 53.0 0 0 0 0 0 305.33 0 109.34 0 189.5 0 0 803.65 
330.0 0 285.25 132.21 0 0 254.32 143.86 69.36 61.0 107.54 0 0 0 0 166.64 0 0 0 0 0 0 30.54 0 0 143.81 
0.0 45.3 0 0 0 0 60.7 0 0 0 0 94.9 0 0 
0 0 0 0 0 0 0 0 293.14 3.0 0 689.14 12.29 138.86 131.0 0 0 0 0 0 64.71 0 0 0 0 348.14 0 0 0 0 0 0 138.86 1133.57 
579.44 0 654.11 0 0 0 0 0 0 0 0 0 0 0 0 0 0 0 0 0 0 0 0 0 0 0 0 0 0 0 46.22 0 0 12.78 0 0 0 0 0 61.78 0 0 0 0 0 0 0 73.44 0 0 0 0 0 0 368.78 0 1738.77 

120.67 0 0 0 0 25.67 0 335.33 10.33 0 78.5 288.0 
0 0 101.45 0 0 0 2.3 0 0 0 0 0 163.95 
171.7 0 55.2 0 0 0 0 0 86.6 0 0 0 81.1 0 0 0 16.7 52.8 0 0 0 249.9 
0 0 0 0 0 0 0 14.8 0 0 108.1 0 0 0 
0 211.5 0 0 0 0 212.5 0 0 37.4 193.3 0 0 0 0 0 0 





