
0.0 193.56 186.44 0 526.0 255.56 361.0 165.33 0 244.22 137.44 348.67 197.44 39.11 485.0 0 247.89 233.44 341.22 351.78 111.44 0 0 400.78 32.89 265.11 111.11 0 182.33 292.89 121.44 96.11 1189.12 
88.57 649.14 650.43 340.14 169.0 494.14 80.57 122.29 322.43 0.0 642.86 28.43 381.86 809.57 536.86 140.86 163.0 123.43 319.43 167.71 272.29 0 148.0 33.71 386.43 0 0 638.86 
0.0 73.6 396.2 37.9 190.0 145.5 101.8 0 291.9 74.2 40.4 450.3 123.9 0 324.3 173.3 156.0 216.4 20.3 669.5 32.1 412.9 329.4 278.9 839.9000000000001 
0.0 388.5 345.33 0 232.0 202.33 388.17 140.0 187.0 461.67 0 187.83 360.5 102.17 126.83 0 270.5 105.33 44.67 111.0 232.5 285.0 
330.6 578.2 303.6 372.2 100.0 0 375.4 334.6 140.2 0 242.6 182.2 296.4 683.0 
1111.17 41.17 215.17 381.17 369.0 0 131.5 383.83 666.0 123.33 408.67 83.0 197.5 0 362.83 0 92.17 741.51 
0.0 0 410.0 242.33 348.67 353.0 0 363.0 436.17 521.17 0 576.83 152.17 222.83 209.5 258.17 0 42.33 244.33 0 496.33 667.67 
0.0 0 652.71 331.57 198.0 416.57 81.57 153.71 0 339.29 0 403.43 0 301.29 187.29 218.14 675.8499999999999 
85.14 0 0 425.86 0 470.86 217.14 145.86 105.57 205.57 362.71 160.57 0 107.14 0 378.43 313.86 0 200.71 211.86 0 352.86 1445.8600000000001 
359.5 670.33 0 243.83 279.17 822.67 239.67 0 235.5 0 388.5 0 0 383.83 122.67 147.17 288.0 412.83 232.33 1153.33 
0.0 393.5 323.5 317.0 344.5 277.38 108.0 271.75 275.62 71.25 108.88 392.62 18.0 238.25 0 223.88 0 113.0 503.25 118.25 22.75 144.88 255.25 163.12 251.75 657.37 
44.25 207.75 491.38 191.62 342.0 477.5 327.12 0 103.12 202.5 572.88 305.88 0 671.0 590.25 0 413.88 129.88 551.5 377.5 228.38 42.25 391.0 46.0 199.25 484.25 935.63 
233.09 149.09 342.18 0 320.73 265.91 136.64 221.82 74.36 79.09 547.73 385.36 124.0 465.09 319.73 47.73 221.91 381.45 8.64 176.91 194.91 110.73 272.36 16.09 322.36 277.0 
620.3 97.9 560.0 4.1 335.0 0 340.0 94.8 233.6 675.7 543.0 466.9 5.7 478.9 41.2 696.6 421.5 55.4 683.6 351.5 
93.0 455.0 355.14 147.57 292.43 188.14 53.0 280.43 203.14 502.29 236.0 183.71 0 127.71 205.86 567.71 
137.67 556.33 0 607.67 378.33 118.5 0 157.17 0.0 238.83 146.5 347.33 323.17 37.83 0 765.5 320.83 573.8299999999999 






567.11 108.67 307.44 181.67 115.67 0 170.67 0 0 248.89 140.56 604.11 661.12 
333.33 477.0 65.5 125.33 405.67 204.0 69.33 790.83 143.5 322.5 349.33 165.83 90.33 190.33 96.17 95.83 581.17 175.67 
445.5 174.5 62.33 288.5 375.67 162.17 316.0 
452.25 0 585.38 15.88 336.25 77.12 354.5 465.38 180.0 0 427.12 0 0 193.5 335.0 268.25 0 225.88 161.38 358.88 232.0 0 0 327.38 926.5 
241.83 474.5 473.0 0 544.0 0 225.0 0 321.67 43.33 213.83 185.83 0 436.17 211.0 0 208.83 46.5 0 214.0 114.17 168.17 157.33 73.5 0 859.0 
24.71 625.57 369.29 240.29 129.71 465.29 245.71 235.57 218.86 88.14 0 80.43 331.0 316.71 0 0 0 0 290.71 293.14 0 0 487.86 0 0 190.43 101.71 52.86 133.71 731.71 
0.0 266.0 0 264.2 0 281.2 0 236.6 109.6 0 0 157.2 45.8 142.8 149.6 0.0 268.6 0 82.0 0.0 123.4 0 0 177.0 0 454.8 312.8 537.0 
373.8 308.4 187.8 263.6 0 0 0 0 286.0 172.4 388.6 0 0 211.2 33.0 209.2 926.0 
218.12 161.75 0 196.25 27.88 97.25 0 209.62 86.38 0 178.25 0.0 276.38 165.0 0 174.38 0 160.75 47.62 0 192.0 184.75 886.76 
0.0 394.8 104.4 646.8 507.8 68.2 386.0 115.0 175.2 461.6 225.4 289.2 0 163.4 300.4 265.8 278.2 225.4 125.4 268.6 0 113.6 162.8 143.2 681.8 346.2 
0.0 477.22 485.67 283.0 682.22 130.56 0 0 486.67 373.11 0 239.11 0 299.56 361.11 142.22 191.11 228.0 247.11 204.0 520.89 
560.3 127.2 370.0 0 144.7 156.0 304.4 88.5 119.1 490.7 255.9 787.9 440.5 
246.38 229.75 0 329.12 125.38 444.88 0 240.5 622.36 

22.0 252.09 0 332.91 351.27 311.73 247.73 0 265.18 0 346.82 114.27 187.91 209.82 440.64 0 242.91 100.45 91.18 304.73 92.18 0 420.64 206.27 0 223.27 0 269.82 0 320.55 372.55 105.64 496.64 60.64 203.55 320.27 0 185.55 0 211.45 233.64 1339.8 

15.45 662.09 435.64 611.0 243.64 212.64 0 47.36 568.27 286.73 
0.0 237.0 89.88 286.88 232.88 61.25 273.5 115.25 0 161.75 94.0 314.5 0 377.75 486.88 441.88 16.75 289.38 74.0 190.12 259.62 0 272.88 68.62 96.5 439.25 0 273.25 469.99 




522.29 88.14 0 0 176.57 0 255.0 88.71 0 430.14 267.0 631.29 669.8599999999999 
862.17 20.83 154.5 0 101.67 551.83 0 464.17 148.5 564.5 131.83 494.33 486.83 429.67 0 93.33 388.0 0 77.17 104.5 319.5 0 232.0 0 825.17 185.5 261.83 153.83 146.5 0.0 0 270.5 292.17 57.5 30.5 0 260.0 308.5 474.0 869.18 
463.22 382.11 487.22 345.11 480.56 315.0 134.78 131.0 385.0 171.89 230.22 346.11 135.67 389.33 72.78 191.11 103.11 185.78 297.22 95.56 
222.0 146.67 87.89 340.67 85.44 122.78 38.22 78.78 334.67 0 196.33 22.67 133.0 216.67 0 153.56 154.0 113.33 208.44 163.89 0.0 288.67 78.78 154.44 0 346.89 160.22 194.22 242.89 309.67 338.33 257.33 388.78 
103.14 404.57 0 410.0 300.0 0 417.29 0 0 346.0 154.14 157.29 264.43 81.86 0 317.86 250.29 324.57 0 232.43 183.71 0 1083.2800000000002 
581.2 241.0 297.6 215.6 326.2 0 179.0 126.8 225.8 
515.33 267.67 622.33 379.33 348.5 66.0 257.0 0.0 341.83 288.17 0 0 218.17 363.67 345.17 0 335.67 0 45.0 332.0 0 442.17 346.66 
44.67 241.67 91.83 18.33 0 354.33 426.33 108.83 204.0 65.0 133.83 168.5 0 229.83 0.0 290.5 0 40.67 323.33 0 560.8299999999999 
67.33 0 0 291.44 411.89 474.33 505.33 560.56 187.22 0 252.11 67.11 0 0.0 271.67 864.9999999999999 
0.0 0 593.83 72.67 0 395.17 90.33 294.17 0 343.83 112.5 189.83 205.17 526.0 406.0 180.5 492.0 545.1700000000001 
266.67 90.22 303.0 190.89 0 361.22 57.56 252.33 368.22 65.33 391.89 248.67 180.11 279.33 241.56 290.11 0 31.33 187.33 151.89 68.11 612.78 
346.4 0.0 116.4 338.8 238.7 244.5 275.2 0 323.4 0 258.3 31.3 0 76.8 454.3 0 1037.6999999999998 
179.25 806.5 179.75 0 0 272.25 0 0 185.0 237.25 127.5 302.25 282.25 127.5 141.5 0 180.0 232.5 0 0 37.0 267.0 176.0 1150.0 
342.89 37.33 410.56 380.44 451.22 23.56 0 0 134.11 243.67 68.33 0 391.67 178.11 0 270.0 777.78 
142.43 0 77.71 383.14 0.0 367.43 282.14 152.14 48.57 118.86 36.43 346.29 168.14 52.57 280.86 233.57 58.14 104.14 252.57 155.71 70.57 82.43 73.0 217.0 0 217.14 0 329.0 152.0 108.71 0 188.14 927.71 
77.67 310.89 214.89 121.56 280.78 285.11 31.78 227.33 60.0 111.44 0 252.22 0 161.11 236.89 139.56 101.56 339.89 45.11 0 161.44 226.56 64.67 180.78 427.89000000000004 






733.14 232.29 558.14 385.29 0 331.0 157.43 142.71 287.14 178.71 109.71 461.29 176.43 431.43 213.14 0 73.0 278.86 68.71 0 402.43 675.5799999999999 
145.0 395.78 0 627.67 0 0 136.78 150.22 277.44 156.44 0 246.0 151.0 181.0 0 340.0 125.56 407.67 0 570.67 384.44 224.0 113.22 199.56 0 430.56 157.78 1272.2399999999998 
699.25 334.38 871.38 156.62 141.0 1006.0 1046.12 
811.88 98.75 250.38 208.88 317.12 385.5 374.62 141.0 0 242.25 277.75 381.88 265.12 254.62 326.62 386.75 365.88 352.38 78.38 20.0 353.88 0 0 244.5 239.88 77.25 0 112.12 244.75 121.25 63.62 263.75 269.25 479.75 
124.83 221.33 516.17 697.5 0 450.5 0 429.0 108.67 551.0 647.8399999999999 
603.6 478.2 328.8 362.6 515.0 145.0 864.6 130.8 431.8 161.2 0 199.8 289.8 157.2 0 227.4 260.0 0 1202.0 
0.0 474.67 0 0 114.33 271.0 448.33 277.0 372.33 40.0 0 305.67 375.67 395.0 214.0 0 0 196.33 0 0 99.67 0 251.0 0 137.67 315.67 31.67 163.67 210.33 179.0 550.0 0 559.67 954.3399999999999 
305.0 100.86 382.0 339.29 114.0 224.57 84.43 108.14 425.14 489.0 236.71 0 274.57 114.71 0 347.86 52.86 310.43 0 728.43 319.43 74.86 345.71 217.43 527.43 613.01 
0.0 729.2 473.2 1111.6 190.6 588.2 363.8 118.0 239.4 331.0 48.6 405.6 162.2 393.2 
73.71 216.29 289.0 237.43 207.43 410.14 350.43 157.14 233.86 166.0 66.0 301.86 511.71 260.14 408.0 131.0 0 167.14 0 0 190.29 98.0 0 251.14 121.29 307.86 779.86 0 464.57 96.29 744.43 0 446.14 1075.14 
265.56 0 846.89 656.56 260.89 0 0 0 995.22 66.89 323.78 12.89 0 262.56 291.56 68.33 51.78 412.22 169.78 0 969.78 315.78 216.44 0 72.11 159.33 323.11 200.56 80.56 150.11 178.78 141.89 195.33 20.22 192.89 289.44 0 515.89 53.22 266.22 196.0 0 211.11 287.56 259.89 0 0 172.56 0 108.11 0 351.78 0 61.67 112.22 312.89 2464.23 

539.0 283.17 410.0 0 270.0 174.5 0 110.17 334.67 217.0 217.67 374.0 
383.2 308.8 451.8 0 187.2 0 239.2 437.4 0 60.4 260.6 61.2 695.8 
345.3 301.9 523.3 282.5 250.1 362.0 0 233.0 384.9 190.4 193.4 0 375.4 475.1 324.7 607.8 258.3 177.2 119.7 103.2 0 693.6 
137.1 847.5 305.0 226.8 93.9 39.6 156.9 206.2 92.6 163.7 176.9 250.6 313.8 381.5 
824.0 310.5 552.1 495.1 307.2 490.2 80.5 433.6 865.0 467.6 373.7 168.6 370.4 453.4 355.9 465.5 371.6 





