Dwell Time_subresults.txt
0.0 410.0 92.67 0 572.0 570.67 810.0 0.0 0 169.67 367.67 487.67 170.0 0.0 446.33 0 337.67 257.33 150.33 392.33 0.0 0 0 217.67 0.0 310.67 0.0 0 57.33 371.33 77.33 159.33 1468.67 
0.0 407.75 313.0 253.5 70.75 282.25 46.75 56.25 269.75 0.0 303.0 0.0 352.75 349.0 301.0 0.0 83.75 207.0 23.75 131.5 32.5 0 13.0 0.0 194.0 0 0 714.0 
0.0 153.67 569.33 17.0 179.67 36.0 60.0 0 68.33 51.33 31.67 386.67 92.67 0 59.67 250.33 111.33 213.0 63.67 586.67 0.0 290.33 372.33 291.67 1416.66 
0.0 242.0 237.8 0 104.6 204.2 147.2 72.4 351.2 704.4 0 177.6 460.0 132.0 74.4 0 408.8 116.4 0.0 99.0 368.4 603.6 
159.75 699.25 132.75 352.0 89.5 0 304.75 142.5 141.0 0 141.0 292.0 160.75 512.5 
951.6 32.6 189.4 208.4 406.6 0 0.0 236.6 489.2 128.8 270.6 72.2 128.8 0 314.6 0 63.8 1271.8 
0.0 0 535.83 414.83 213.5 334.83 0 412.5 388.83 413.17 0 443.5 220.5 339.17 487.0 111.5 0 207.67 359.17 0 785.83 1342.17 
37.67 0 559.17 415.17 35.83 285.83 78.17 75.83 0 399.67 0 208.5 0 401.5 387.5 128.5 1084.1599999999999 
37.0 0 0 1201.0 0 528.0 336.0 431.25 93.25 247.25 345.0 293.75 0 501.25 0 484.5 462.0 0 256.75 298.0 0 541.25 2169.5 
387.5 545.5 0 264.5 496.5 680.5 396.0 0 534.75 0 517.75 0 0 506.25 217.5 104.25 377.5 382.75 341.0 1524.25 
0.0 367.5 290.5 83.0 278.5 382.0 208.0 250.5 836.0 26.5 83.0 705.0 0.0 848.5 0 257.0 0 103.5 844.5 85.5 147.0 322.5 314.0 153.0 674.5 1031.5 
0.0 150.5 755.5 172.0 478.5 386.0 223.5 0 0.0 50.0 697.5 219.5 0 248.0 468.5 0 283.0 56.5 209.5 360.0 51.0 0.0 333.0 0.0 0.0 277.0 1316.0 
295.0 0.0 165.0 0 0.0 222.0 0.0 0.0 0.0 0.0 231.0 201.0 0.0 320.0 253.0 0.0 241.0 230.0 0.0 0.0 240.0 0.0 159.0 0.0 395.0 210.0 
572.0 0.0 236.0 0.0 303.0 0 137.0 0.0 77.0 269.0 0.0 320.0 0.0 233.0 0.0 176.0 302.0 0.0 275.0 80.0 
0.0 310.0 0.0 502.0 136.0 199.0 76.0 370.0 256.0 540.0 139.0 0.0 0 0.0 226.0 739.0 
128.0 295.0 0 209.0 232.0 0.0 0 72.0 0.0 270.0 0.0 274.0 228.0 0.0 0 625.0 444.0 1320.0 






179.67 287.0 238.0 201.67 112.0 0 266.0 0 0 127.67 135.0 709.67 1211.0 
316.0 424.0 45.75 301.0 233.5 198.5 0.0 728.0 190.5 300.75 231.25 166.0 57.5 136.5 58.75 39.25 450.75 228.5 
374.2 19.4 26.0 576.8 260.6 382.2 408.6 
787.0 0 969.0 0.0 767.0 0.0 982.0 1056.0 545.0 0 1377.0 0 0 690.5 249.0 745.0 0 879.0 75.0 574.5 591.0 0 0 276.5 2315.5 
318.75 640.5 566.75 0 448.0 0 393.0 0 190.75 27.5 79.25 145.0 0 376.75 0.0 0 264.75 46.0 0 236.75 187.75 140.25 103.5 42.75 0 1413.25 
38.75 936.0 373.5 66.5 64.0 424.75 192.75 227.25 235.5 218.25 0 53.5 535.25 551.75 0 0 0 0 436.0 321.25 0 0 807.0 0 0 203.75 62.5 40.0 81.75 2318.0 
27.5 367.83 0 397.5 0 602.67 0 505.5 269.0 0 0 220.67 0.0 278.17 588.5 29.5 297.67 0 246.67 9.33 123.5 0 0 201.0 0 464.83 660.0 1930.5000000000002 
859.33 548.17 133.33 592.0 0 0 0 0 425.5 346.0 404.0 0 0 259.17 109.0 377.33 1490.0 
250.75 89.5 0 225.5 0.0 31.5 0 284.25 226.75 0 245.0 0.0 349.5 113.75 0 158.75 0 345.75 29.25 0 343.5 357.75 1434.0 
132.0 262.5 79.5 325.5 344.5 0.0 208.5 0.0 0.0 279.5 91.0 126.5 0 72.0 0.0 84.0 106.0 166.0 71.5 108.0 0 0.0 97.0 70.5 361.5 362.5 
0.0 665.25 778.5 528.5 867.5 86.0 0 0 653.25 496.25 0 386.5 0 291.0 451.75 113.5 248.0 414.75 350.25 376.5 897.5 
873.0 0.0 0.0 0 0.0 134.0 103.0 0.0 117.0 349.0 259.0 409.0 238.0 
416.0 0.0 0 406.0 0.0 283.0 0 0.0 547.0 

0.0 301.0 0 125.5 438.5 329.0 83.0 0 171.5 0 419.0 46.0 237.0 85.0 214.5 0 251.0 0.0 0.0 118.0 66.0 0 303.0 0.0 0 196.0 0 383.5 0 114.5 401.0 90.5 640.0 0.0 276.0 239.0 0 145.5 0 275.5 326.5 2414.0 

0.0 198.0 170.0 279.0 151.0 0.0 0 0.0 451.0 284.0 
84.0 369.0 0.0 342.0 0.0 0.0 235.0 0.0 0 138.0 0.0 294.0 0 298.0 153.0 272.0 0.0 219.0 0.0 0.0 0.0 0 248.0 0.0 0.0 300.0 0 218.0 707.0 




229.67 71.33 0 0 32.0 0 262.33 0.0 0 306.67 239.0 342.33 1091.0 
673.25 0.0 223.0 0 33.75 342.5 0 321.75 287.0 681.75 0.0 374.75 659.0 685.75 0 200.25 215.5 0 128.75 51.0 430.75 0 208.25 0 732.0 336.25 321.25 68.5 151.0 0.0 0 271.0 408.25 67.5 84.75 0 203.5 242.0 532.5 1409.75 
320.67 369.67 285.33 131.33 422.0 141.0 0.0 107.0 209.0 185.0 0.0 179.33 0.0 256.0 50.67 67.67 90.0 60.67 104.33 0.0 
154.25 80.25 22.75 409.5 0.0 69.75 40.0 76.0 270.5 0 129.0 0.0 93.25 400.0 0 109.75 95.5 31.75 78.75 154.0 30.5 266.0 56.5 0.0 0 310.0 35.25 268.0 117.5 257.5 354.5 0.0 438.5 
52.2 415.2 0 309.8 312.2 0 346.8 0 0 187.8 120.4 62.2 496.0 19.8 0 363.6 74.0 497.8 0 543.2 437.0 0 1616.0000000000002 
319.8 253.0 245.8 151.6 256.0 0 278.0 237.8 467.6 
370.33 98.33 503.5 305.83 198.83 50.5 334.67 0.0 298.5 83.0 0 0 226.83 407.83 211.17 0 305.83 0 12.33 231.0 0 356.83 594.84 
91.25 348.5 94.75 163.5 0 282.25 376.5 55.5 71.5 187.25 115.0 195.0 0 189.0 0.0 354.75 0 0.0 324.75 0 801.0 
326.0 0 0 327.5 267.5 1275.5 968.5 859.5 388.5 0 511.0 113.5 0 0.0 340.5 1415.5 
0.0 0 564.17 24.67 0 305.0 50.67 504.5 0 311.83 185.33 92.5 58.17 450.17 214.83 62.33 679.33 819.34 
696.0 0.0 220.0 0.0 0 0.0 0.0 249.0 171.0 0.0 297.0 0.0 0.0 369.0 184.0 0.0 0 0.0 0.0 412.0 0.0 563.0 
318.0 122.0 181.0 259.0 191.0 158.0 0.0 0 0.0 0 117.0 0.0 0 0.0 211.0 0 900.0 
92.75 1129.25 88.5 0 0 217.0 0 0 49.25 289.5 77.5 559.0 141.75 294.75 84.0 0 178.5 608.5 0 0 26.0 155.0 148.75 2201.75 
390.0 313.0 465.0 383.0 436.5 0.0 0 0 0.0 403.0 0.0 0 386.0 57.0 0 107.5 1227.5 
122.0 0 0.0 189.0 0.0 287.0 122.0 82.0 0.0 237.0 0.0 173.0 0.0 0.0 257.0 0.0 0.0 0.0 237.0 137.0 0.0 0.0 110.0 259.0 0 0.0 0 121.0 0.0 0.0 0 0.0 1312.0 
24.0 220.0 0.0 0.0 329.0 0.0 0.0 223.0 0.0 0.0 0 0.0 0 0.0 486.0 0.0 0.0 267.0 0.0 0 0.0 177.0 0.0 152.0 553.0 






327.67 100.33 278.0 202.33 0 144.67 434.67 0.0 212.33 88.33 132.33 403.0 0.0 339.67 108.67 0 72.33 170.0 0.0 0 178.0 654.3399999999999 
87.67 443.67 0 633.33 0 0 100.67 132.0 448.33 84.33 0 0.0 285.33 0.0 0 433.67 102.0 442.0 0 309.33 486.33 189.0 44.0 136.0 0 517.67 0.0 2815.34 
414.25 159.25 502.75 148.75 275.0 590.0 688.0 
407.25 135.0 176.25 200.25 337.25 485.0 188.75 80.75 0 177.5 443.75 264.25 0.0 335.0 162.75 143.5 506.0 127.5 46.5 0.0 411.0 0 0 268.5 146.0 0.0 0 23.5 81.5 95.0 0.0 213.5 284.75 492.5 
104.4 285.6 721.6 493.6 0 738.2 0 341.4 206.0 870.0 637.2 
326.8 179.8 168.6 319.4 300.8 120.2 323.0 100.0 194.6 93.0 0 119.0 283.6 77.8 0 95.6 86.2 0 1628.1999999999998 
25.83 287.33 0 0 36.17 290.17 253.33 184.5 227.17 207.67 0 231.0 274.33 336.33 306.83 0 0 184.5 0 0 152.67 0 200.5 0 66.5 214.67 337.0 68.67 319.67 69.0 739.5 0 377.17 1757.9899999999998 
635.0 0.0 667.25 471.5 0.0 177.75 338.75 252.0 494.5 550.0 344.25 0 200.25 95.5 0 514.5 40.5 279.25 0 497.0 257.25 13.5 376.25 172.5 470.25 538.0 
0.0 774.5 0.0 570.0 79.0 91.5 424.5 0.0 93.0 195.0 0.0 500.5 0.0 70.0 
0.0 137.0 243.0 0.0 0.0 362.0 292.0 0.0 527.0 169.0 0.0 991.0 524.0 399.0 539.0 0.0 0 0.0 0 0 255.0 0.0 0 0.0 0.0 656.0 0.0 0 350.0 0.0 569.0 0 585.0 2110.0 
845.0 0 1501.0 66.0 0.0 0 0 0 666.0 0.0 295.0 0.0 0 146.0 146.0 0.0 0.0 265.0 0.0 0 0.0 239.0 0.0 0 0.0 127.0 0.0 0.0 0.0 0.0 225.0 102.0 0.0 33.0 167.0 0.0 0 271.0 0.0 328.0 0.0 0 65.0 0.0 255.0 0 0 246.0 0 0.0 0 228.0 0 0.0 481.0 0.0 4203.0 

659.67 140.83 386.0 0 206.0 200.17 0 445.5 345.0 189.33 296.17 662.0 
161.5 61.75 553.25 0 134.5 0 241.5 293.5 0 35.0 207.0 55.75 672.0 
517.0 86.0 578.5 144.5 202.0 293.5 0 0.0 471.5 0.0 145.5 0 456.5 318.0 206.5 132.0 275.0 230.0 91.5 0.0 0 943.5 
30.0 257.0 246.0 152.0 0.0 0.0 0.0 221.0 0.0 133.0 285.0 0.0 39.0 0.0 
397.0 522.0 341.0 368.0 176.0 255.0 293.0 119.0 775.0 505.0 567.0 0.0 295.0 174.0 304.0 316.0 0.0 





