
0 49.84 171.25 0 33.11 0 138.88 0 0 0 113.0 247.33 48.14 0 42.57 0 90.9 0 0 87.89 0 0 0 0 0 111.56 0 0 0 0 0 98.2 417.48 
0 27.75 0 82.16 0 10.89 0 0 27.14 0 0 0 0 57.43 0 0 117.0 0 0 0 0 0 0 0 60.38 0 0 546.59 
0 18.5 26.56 0 54.67 0 0 0 0 0 0 0 1.0 0 0 59.21 0 86.0 89.5 12.33 0 8.37 0 41.8 190.64999999999998 
0 0 0 0 0 42.0 0 0 0 0 0 0 0 0 0 0 0 17.93 0 0 0 145.82999999999998 
0 0 0 39.5 0 0 23.5 0 0 0 0 6.67 0 100.07 
2.77 0 0 0 0 0 0 31.67 0 0 0 0 0 0 0 0 0 67.2 
0 0 0 26.8 0 0 0 7.67 0 0.8 0 0 22.25 0 0 0 0 80.33 11.8 0 0 231.65999999999997 
0 0 0 31.16 0 0 0 0 0 0 0 0 0 0 0 0 95.57 
0 0 0 0 0 0 0 100.33 0 0 0 0 0 0 0 0 0 0 0 93.0 0 0 158.83 
81.66 0 0 59.33 0 0 0 0 0.67 0 11.83 0 0 0 25.67 0 0 0 59.66 130.42 
0 59.64 23.12 0 0 43.67 32.6 0 9.0 0 16.2 0 0 119.5 0 0 0 0 16.5 13.8 0 24.33 0 32.43 27.38 179.67 
0 0 19.79 0 53.79 0 0 0 0 0 0 0 0 66.5 0 0 0 0 0 2.0 0 0 0 0 0 4.88 122.75 
0 0 0.1 0 0 47.88 0 0 0 0 26.0 0 0 129.91 49.7 0 58.11 79.55 0 0 0 0 0 0 120.9 7.33 
18.2 0 20.11 0 0 0 0 0 0 59.7 0 130.3 0 43.3 0 0 0 0 0 0 
0 125.29 0 112.25 0 0 0 159.17 21.75 137.33 0 0 0 0 72.2 293.96000000000004 
0 0 0 19.67 0 0 0 0 0 0 0 91.6 39.0 0 0 74.33 91.0 114.17 






0.89 22.93 0 0 0 0 0 0 0 0 67.33 67.11 234.06 
51.92 4.08 0 0 0 0 0 84.5 0 106.85 136.5 0 21.0 19.0 0 0 98.08 142.75 
0 0 0 0 0 0 27.25 
0 0 54.62 0 20.75 0 0 43.5 0 0 0 0 0 0 0 97.0 0 32.5 0 0 126.8 0 0 0 309.48 
159.0 0 0 0 39.17 0 0 0 0 0 157.67 0 0 33.42 0 0 37.75 0 0 26.0 16.5 0 0 0 0 929.36 
0 0 0 0 0 5.5 0 0 0 0 0 0 40.64 0 0 0 0 0 0 8.5 0 0 37.86 0 0 0 0 0 0 333.58 
0 0 0 0 0 0 0 40.5 77.0 0 0 4.2 0 66.0 60.16 0 0 0 0 0 0 0 0 0 0 0 0 78.53 
104.23 0 0 0 0 0 0 0 0 0 0 0 0 0 53.0 42.73 224.19 
0 0 0 51.95 0 0 0 0 1.34 0 0 0 2.36 0 0 34.25 0 0 0 0 5.53 0 368.46 
0 0 0 0 50.2 0 0 0 0 0 0 0 0 0 0 0 0 134.5 0 0 0 0 0 0 77.5 189.75 
0 0 0 0 8.5 36.0 0 0 0 0 0 56.96 0 0 2.86 48.0 0 0 81.25 53.17 11.5 
29.3 0 0 0 0 0 0 0 0 173.5 53.22 0 0 
29.2 0 0 0 0 74.29 0 0 0 

0 0 0 0 0 1.9 0 0 0 0 0 0 0 0 38.0 0 0 0 0 25.6 0 0 16.4 0 0 38.56 0 0 0 0 186.7 0 147.95 0 0 268.0 0 0 0 0 0 479.98 

0 0 0 58.18 0 0 0 0 0 101.86 
0 57.83 0 35.43 0 0 0 0 0 4.0 0 0 0 119.0 0 34.25 0 0 0 0 0 0 0 0 0 114.75 0 33.86 179.89 




0 8.33 0 0 0 0 23.16 0 0 126.14 78.17 48.04 448.16999999999996 
39.58 0 40.5 0 0 0 0 40.0 90.25 68.58 0 0 0 0 0 89.17 47.0 0 103.17 0 43.5 0 0 0 26.25 29.75 15.05 0 21.75 0 0 0 93.25 0 0 0 0 0 23.67 173.42000000000002 
43.53 0 98.5 0 49.45 16.79 0 0 0 0 0 89.5 0 45.44 0 0 0 0 0 168.92000000000002 
0 0 0 46.25 0 0 45.33 0 55.55 0 0 0 0 0.0 0 0 0 0 0 0 0 25.94 0 0 0 0 0 0 93.14 0 16.75 0 271.9 
0 0 0 0 0 0 56.89 0 0 0 0 0 0 0 0 52.71 0 0 0 0 117.47 0 277.44 
0 0 0 0 0 0 0 0 16.75 
0 0 0 0 0 0 0 0 0 0 0 0 0 0 0 0 0 0 0 0 0 0 0 
85.0 0 43.0 0 0 0 0 0 0 48.0 0 0 0 0 0 4.7 0 0 0 0 138.82999999999998 
54.17 0 0 35.22 0 71.5 123.88 57.94 79.0 0 53.79 25.67 0 0 39.64 15.33 
0 0 0 0 0 0 0 7.5 0 0 9.17 0 0 0 0 0 0 111.5 
0 0 0 0 0 0 0 24.43 0 0 0 0 0 208.5 0 0 0 0 0 184.17 0 63.0 
0 0 40.67 78.6 0 0 0 0 0 0 0 0 0 0 0 0 216.06 
25.25 2.0 0 0 0 59.67 0 0 0 6.08 0 12.75 0 25.5 0 0 0 124.92 0 0 0 110.92 0 689.1600000000001 
0 145.0 57.28 67.12 88.88 0 0 0 0 63.33 0 0 0 0 0 0 36.21 
0 0 0 6.0 0 63.5 0 0 0 104.0 0 0 0 0 34.0 0 0 0 0 0 0 0 0 0 0 0 0 0 0 0 0 0 382.5 
0 0 0 0 134.38 0 0 40.0 0 0 0 0 0 0 0 0 0 70.25 0 0 0 0 0 0 84.92 






12.83 2.83 134.33 0 0 0 200.47 0 18.53 0 6.5 27.67 0 48.83 0 0 46.67 78.17 0 0 0 292.75 
71.67 160.5 0 0 0 0 0 0 0 0 0 0 35.13 0 0 46.22 0 54.22 0 0 77.88 0 0 0 0 49.56 0 648.26 
0 41.07 43.13 0 138.47 0 53.13 
0 71.0 71.86 0 0 0 0 0 0 0 51.75 0 0 53.5 0 0 95.0 0 0 0 173.12 0 0 72.5 0 0 0 0 0 6.33 0 19.5 32.67 777.8199999999999 
0 121.25 9.0 0 0 44.23 0 0 71.34 7.4 125.86 
91.7 0 0 23.15 0 0 0 0 3.25 0 0 0 0 0 0 0 0 0 262.41 
0 0 0 0 0 0 40.67 0 0 22.2 0 74.75 6.2 0 0 0 0 0 0 0 0 0 0 0 0 0 56.6 0 45.47 0 10.67 0 5.33 267.38 
9.68 0 20.18 35.04 0 0 34.75 57.0 0 1.0 80.84 0 0 0 0 19.67 0 0 0 0 2.68 0 0 0 0 139.76 
0 54.3 0 2.3 0 0 0 0 0 53.4 0 0 0 28.0 
0 0 0 0 0 140.71 35.5 0 123.6 0 0 114.43 0 70.17 10.0 0 0 0 0 0 0 0 0 0 0 43.0 0 0 0 0 10.14 0 0 301.84000000000003 
0 0 198.67 0 0 0 0 0 201.78 0 111.67 0 0 0 0 0 0 84.67 0 0 0 22.33 0 0 0 0 0 0 0 0 29.17 0 0 0 0 0 0 63.0 0 94.57 0 0 0 0 80.0 0 0 47.29 0 0 0 81.86 0 0 0 0 842.91 

0 0 0 0 8.0 0 0 0 0 0 54.3 154.82999999999998 
0 0 0 0 0 0 67.58 0 0 0 0 0 356.6 
72.5 0 30.3 0 164.17 106.72 0 0 23.5 0 0 0 1.38 98.5 80.72 60.89 0 31.67 0 0 0 155.72 
0 79.9 95.78 0 0 0 0 6.12 0 0 72.71 0 0 0 
0 0 0 0 0 51.9 215.33 0 222.4 0 0 0 0 1.2 0 125.0 198.0 





