
0 222.67 278.0 0 199.33 135.33 274.0 0 0 0 286.0 406.33 177.0 0 266.0 0 261.33 177.33 150.33 253.33 0 0 0 173.0 0 310.67 0 0 172.0 214.0 0 239.0 2057.34 
0 295.75 197.0 263.33 0 199.75 93.5 0 193.0 0 206.0 0 211.5 237.0 180.5 0 335.0 207.0 95.0 0 130.0 0 52.0 0 258.67 0 0 1774.33 
0 202.5 182.67 51.0 269.5 108.0 0 0 110.0 154.0 95.0 179.33 139.0 0 89.5 250.33 0 213.0 191.0 275.33 0 237.67 250.67 207.0 1068.5 
0 170.75 147.8 101.5 174.33 223.0 155.33 0 174.67 138.2 0 160.75 192.0 176.67 186.0 0 191.8 144.33 0 165.0 156.75 616.08 
135.25 170.5 155.67 166.0 0 0 181.0 179.0 188.0 0 141.0 185.67 160.75 835.67 
191.6 81.5 182.67 169.6 207.8 148.5 0 174.0 224.2 148.5 132.0 120.33 125.25 192.2 145.6 0 159.5 359.79999999999995 
0 182.8 146.5 251.0 126.67 184.0 0 188.17 158.17 123.2 0 172.17 157.25 163.25 171.17 129.0 178.6 207.33 182.8 181.5 203.67 688.83 
226.0 0 176.83 237.83 55.0 173.83 156.33 151.67 159.5 166.83 0 0 147.25 193.0 142.6 162.75 804.5699999999999 
148.0 226.0 199.25 175.75 182.0 239.25 189.5 248.33 124.33 190.5 130.0 158.5 0 210.75 0 154.25 187.75 0 173.25 255.0 148.0 131.0 713.5 
313.33 217.75 153.67 219.0 182.75 121.5 168.5 167.67 225.0 0 190.0 0 0 149.75 206.0 140.5 143.75 158.0 264.33 706.92 
0 235.5 238.0 166.0 158.0 192.0 177.0 0 176.0 53.0 166.0 145.0 0 276.5 0 186.5 0 0 191.0 171.0 147.0 217.5 189.0 153.0 193.0 929.0 
0 150.5 209.5 172.0 234.5 220.0 201.0 0 0 100.0 184.0 158.5 188.0 248.0 204.0 0 198.0 113.0 209.5 259.5 102.0 0 146.0 0 0 198.0 648.0 
20.0 0 165.0 0 0 222.0 0 0 0 0 231.0 201.0 0 320.0 253.0 0 241.0 230.0 0 0 240.0 0 159.0 0 395.0 210.0 
219.0 0 202.0 0 117.0 80.0 137.0 0 77.0 269.0 0 320.0 0 233.0 0 176.0 143.0 0 182.0 0 
0 310.0 0 251.0 136.0 199.0 76.0 370.0 256.0 363.0 139.0 0 0 0 226.0 739.0 
128.0 34.0 137.0 209.0 232.0 0 0 72.0 0 86.0 0 274.0 228.0 0 0 241.0 216.0 608.0 






176.0 190.33 173.0 175.5 152.0 0 204.67 0 0 167.0 202.5 275.0 869.17 
228.25 206.25 0 178.0 173.25 160.75 0 272.5 142.5 286.25 308.33 198.0 230.0 182.0 0 157.0 296.25 599.67 
156.8 97.0 0 187.4 144.5 193.5 332.75 
212.0 0 243.0 0 274.5 0 208.5 278.5 117.5 66.0 261.0 200.0 0 207.5 172.0 259.5 0 252.5 150.0 192.5 399.0 0 0 0 1347.0 
367.0 166.75 169.75 0 219.0 0 160.0 0 154.67 110.0 317.0 125.5 0 244.75 0 0 227.0 0 121.0 178.5 187.75 0 138.0 171.0 240.0 2224.0 
155.0 187.67 216.5 100.0 0 201.5 192.75 142.5 147.0 184.33 0 214.0 249.5 190.5 132.25 0 0 0 167.0 196.5 211.0 158.0 255.0 178.67 0 150.67 125.0 160.0 163.5 1405.58 
165.0 190.0 192.4 206.17 106.0 179.5 119.33 227.5 259.67 231.6 229.0 169.2 0 208.8 157.83 139.0 193.2 280.0 180.6 56.0 205.0 205.75 0 162.5 227.0 198.0 197.5 367.03 
249.83 168.83 141.0 185.0 0 191.4 0 0 152.83 150.33 192.83 74.0 172.25 178.0 218.0 189.33 775.37 
148.75 0 162.5 181.75 0 126.0 0 187.5 231.67 173.5 135.0 0 221.5 0 0 191.0 0 170.33 117.0 0 213.33 155.25 1639.75 
264.0 0 0 233.5 231.0 0 173.5 0 0 185.5 91.0 126.5 0 144.0 0 0 28.0 332.0 143.0 216.0 0 0 194.0 141.0 218.5 1131.0 
0 234.25 178.75 210.75 258.5 172.0 146.67 0 180.0 173.5 108.0 243.67 137.0 192.0 197.75 227.0 177.0 183.25 262.75 259.67 270.5 
178.0 0 0 238.0 0 134.0 103.0 0 117.0 349.0 259.0 144.0 0 
207.0 0 162.0 70.0 0 283.0 226.0 0 159.0 

0 182.0 152.0 71.0 173.0 216.5 166.0 0 171.5 0 188.0 92.0 237.0 170.0 238.0 158.5 164.5 0 0 236.0 132.0 226.5 203.5 0 0 196.0 0 162.0 0 229.0 401.0 0 375.5 0 192.5 478.0 0 141.0 0 139.0 181.0 1913.0 

0 198.0 170.0 279.0 151.0 0 0 0 164.0 284.0 
84.0 257.0 0 181.0 0 0 0 0 0 138.0 0 136.0 95.0 298.0 153.0 272.0 0 219.0 0 0 0 159.0 142.0 0 0 300.0 0 218.0 688.0 




191.0 214.0 0 0 96.0 0 188.33 0 0 348.0 239.0 212.33 1184.33 
183.25 0 210.0 0 135.0 156.5 184.5 202.67 258.0 211.75 0 198.33 184.5 214.75 0 203.67 249.5 0 257.5 204.0 186.25 140.67 195.33 0 236.25 204.0 209.25 115.0 202.0 0 0 200.33 214.5 135.0 169.5 180.0 200.0 142.0 231.0 1174.25 
238.67 128.0 274.5 0 246.33 211.5 0 160.5 124.33 155.5 0 269.0 0 256.0 152.0 11.5 0 0 156.5 649.0 
129.5 160.5 91.0 212.25 0 139.5 160.0 0 217.67 0 172.0 0 186.5 177.0 0 0 191.0 127.0 157.5 154.0 122.0 220.5 113.0 0 0 190.25 141.0 190.5 235.0 161.0 244.25 0 1032.0 
130.5 145.0 0 171.2 146.0 170.5 240.6 157.75 0 159.4 0 104.0 158.4 99.0 0 241.0 185.0 190.0 0 175.4 263.8 0 1253.23 
135.6 147.75 186.75 135.0 168.75 168.5 163.8 202.0 219.0 
156.67 99.0 165.5 171.4 162.6 101.0 165.67 0 173.4 124.5 165.0 177.67 215.0 186.2 159.0 183.33 182.33 120.0 74.0 186.4 138.75 153.5 168.33 
219.0 198.5 189.5 101.0 154.33 151.0 179.67 0 143.0 178.0 89.75 140.25 143.33 188.33 0 225.5 0 0 208.5 86.0 540.5 
156.5 199.0 0 220.0 190.0 298.5 335.0 222.5 260.0 236.5 279.5 227.0 204.5 0 212.5 310.5 
0 162.0 170.5 148.0 0 124.2 0 178.17 159.0 144.0 178.67 150.5 96.0 131.5 149.0 187.0 195.67 568.8 
206.0 0 220.0 0 0 0 0 249.0 171.0 0 103.0 0 0 369.0 184.0 0 0 0 0 412.0 0 563.0 
73.0 122.0 181.0 259.0 0 158.0 0 0 0 0 117.0 0 0 0 177.0 0 1091.0 
185.5 141.0 177.0 0 89.5 217.0 0 0 197.0 214.75 112.0 166.0 146.33 147.0 0 0 178.0 253.25 99.5 0 104.0 206.67 198.33 1829.9099999999999 
209.0 313.0 216.5 236.0 290.0 0 205.0 0 0 256.0 0 157.0 186.0 114.0 185.5 0 569.5 
122.0 0 0 189.0 0 287.0 122.0 82.0 0 237.0 0 173.0 0 0 257.0 0 0 0 237.0 137.0 0 0 110.0 129.0 0 0 0 121.0 0 0 0 0 1312.0 
24.0 0 0 0 329.0 0 0 223.0 0 0 192.0 0 0 0 139.0 0 0 267.0 0 0 0 177.0 0 152.0 581.0 






195.5 150.5 278.0 152.5 0 144.67 363.67 0 212.33 132.5 198.5 205.67 0 266.33 163.0 0 217.0 255.0 0 149.0 178.0 784.5 
263.0 353.5 0 194.67 0 0 0 198.0 119.67 126.5 0 0 219.33 0 0 250.0 0 266.33 42.0 189.67 281.0 0 132.0 0 196.5 261.0 0 2636.17 
204.75 246.5 236.75 198.33 262.67 244.25 263.75 
229.75 270.0 235.0 0 184.0 194.0 171.67 0 0 0 230.75 213.0 0 252.75 177.0 74.0 256.25 170.0 0 0 383.0 0 0 268.5 159.33 0 0 94.0 163.0 168.0 0 214.5 219.0 2170.0 
159.0 270.25 152.0 167.2 0 217.4 0 163.2 288.67 251.2 610.2 
250.5 165.75 151.5 135.4 182.2 0 190.2 0 201.25 141.0 0 175.0 160.4 0 148.0 135.5 143.67 219.75 1092.3500000000001 
74.0 158.4 160.6 0 108.5 157.5 139.0 186.33 154.4 142.2 117.0 212.75 116.2 185.8 158.4 0 0 148.25 150.0 191.6 135.5 214.0 168.5 153.4 133.0 237.0 151.6 206.0 197.8 138.0 242.0 0 193.0 979.3800000000001 
184.25 0 200.75 226.33 0 178.67 182.5 151.25 248.0 169.67 236.67 0 186.0 135.0 188.0 210.5 0 173.0 0 146.5 199.25 54.0 200.5 0 203.5 919.25 
0 241.5 0 187.5 158.0 183.0 159.5 0 0 195.0 0 150.5 0 326.0 
0 90.0 0 0 0 362.0 155.0 0 307.0 93.0 0 299.0 19.0 212.0 167.0 0 0 0 0 0 146.0 0 165.0 0 0 236.0 0 174.0 180.0 0 208.0 0 129.0 1168.0 
188.0 0 347.0 66.0 0 0 159.0 103.0 434.0 0 295.0 0 0 146.0 146.0 0 0 265.0 0 109.0 0 239.0 0 0 0 127.0 0 0 0 0 225.0 102.0 0 33.0 167.0 0 0 271.0 0 328.0 0 0 65.0 0 255.0 145.0 0 246.0 0 0 0 228.0 0 0 124.0 0 2741.0 

153.33 159.75 0 0 211.5 196.25 191.0 212.5 183.67 138.8 202.5 688.67 
161.5 112.5 162.25 184.5 179.33 0 265.33 207.5 0 140.0 174.67 0 901.5 
207.5 16.0 201.0 0 404.0 293.5 0 0 212.5 0 145.5 163.5 181.5 242.5 206.5 264.0 140.5 230.0 0 0 126.0 799.5 
30.0 257.0 246.0 152.0 0 0 0 221.0 0 133.0 285.0 0 39.0 0 
154.0 109.0 159.0 141.0 176.0 255.0 293.0 119.0 389.0 111.0 161.0 0 0 174.0 0 316.0 599.0 





