
0 172.83 106.75 0 166.22 229.57 135.12 207.6 0 0 173.0 159.0 128.86 176.0 223.43 0 170.43 226.71 166.12 165.44 161.8 0 0 227.25 148.0 199.11 185.5 0 237.17 221.86 0 140.8 1651.8600000000001 
158.5 268.0 243.14 181.17 0 188.86 165.67 0 165.86 0 284.14 96.0 211.71 179.57 215.4 165.33 218.0 213.0 192.5 0 186.33 0 176.75 146.0 198.29 0 0 1227.74 
0 184.0 156.11 126.33 214.83 160.17 0 0 182.78 157.25 134.67 193.56 138.0 0 223.75 191.12 0 127.0 101.5 263.0 160.5 229.3 252.67 165.2 877.8499999999999 
0 193.33 169.83 146.0 197.17 181.0 181.83 0 185.2 253.83 0 221.25 197.4 204.33 253.67 0 204.17 126.4 134.0 166.5 166.0 509.3 
218.67 172.6 202.2 126.5 0 0 157.5 186.6 223.5 0 190.4 179.0 226.75 735.6 
188.83 247.0 259.0 189.83 229.17 0 142.25 142.33 284.5 246.67 233.17 166.0 138.0 192.67 231.6 0 244.5 293.33000000000004 
0 202.75 166.33 224.2 212.33 228.2 0 180.5 217.8 122.4 0 329.0 135.0 201.0 177.67 351.0 200.2 127.0 171.0 0 249.5 457.16999999999996 
0 0 230.0 206.67 190.83 222.57 190.33 184.8 239.5 201.86 0 0 165.5 239.67 144.4 240.83 823.5 
298.0 310.0 272.8 188.43 200.67 282.43 225.8 148.0 246.33 224.8 249.83 210.2 0 250.0 0 197.57 255.67 0 178.67 162.0 193.0 228.0 594.8399999999999 
231.67 219.83 213.33 159.67 256.8 250.67 254.2 216.5 224.33 0 178.17 0 0 177.0 180.33 170.5 175.67 275.83 204.67 603.92 
0 175.86 214.88 196.43 178.38 148.33 144.4 0 167.0 190.0 149.8 182.12 144.0 157.0 0 203.29 0 0 174.5 157.2 182.0 193.17 189.17 120.57 165.62 749.33 
177.0 188.29 189.71 184.6 180.71 225.75 215.43 0 206.25 221.0 231.5 236.0 198.8 181.5 266.14 0 232.12 125.2 232.38 257.5 170.75 169.0 233.5 184.0 202.8 193.12 525.25 
262.5 194.4 164.9 0 175.0 174.12 183.67 149.67 204.5 167.67 205.0 209.82 142.0 190.09 203.3 119.25 182.89 150.45 95.0 172.0 264.33 216.8 198.44 177.0 274.1 317.04999999999995 
200.8 195.8 181.89 41.0 206.75 139.67 166.33 158.0 182.86 209.3 219.7 189.7 57.0 189.7 142.0 214.2 220.4 138.5 211.1 130.22 
223.0 184.71 171.83 138.75 251.83 210.83 185.5 210.83 234.25 225.67 163.83 213.6 0 178.8 153.8 445.03999999999996 
194.67 201.17 173.67 189.33 243.17 127.0 0 134.6 0 204.4 211.0 182.4 189.0 134.0 0 166.67 125.0 528.1600000000001 






175.11 167.4 177.14 195.17 161.5 0 219.67 0 0 213.86 135.17 207.89 635.11 
176.33 202.17 0 198.33 207.83 204.0 104.0 188.0 167.5 179.4 171.83 215.0 209.0 163.0 0 191.67 198.17 519.58 
181.0 310.67 0 207.33 213.5 194.6 305.5 
246.75 0 188.38 27.0 253.75 154.25 237.5 235.0 165.57 144.33 265.25 244.5 0 233.6 207.86 162.5 0 220.0 212.5 240.0 272.2 0 0 0 1193.85 
208.0 224.17 171.2 0 179.83 0 181.8 0 243.2 130.0 159.33 198.33 0 211.33 223.6 0 189.25 0 175.5 152.5 171.25 0 193.5 220.5 341.0 1297.64 
173.0 235.0 220.57 226.17 0 196.0 200.8 197.6 201.17 205.67 0 281.5 208.86 203.57 137.67 0 0 0 253.57 188.0 0 250.0 217.14 240.0 0 207.67 127.33 185.0 234.0 1111.83 
0 260.5 0 214.4 0 243.2 222.0 187.0 182.67 255.0 257.5 165.0 229.0 142.8 97.67 0 268.6 0 205.0 0 205.67 236.0 0 169.25 0 265.0 246.0 288.5 
145.6 215.8 155.33 201.8 0 193.0 0 0 165.4 209.67 204.4 0 226.67 211.2 165.0 146.6 551.18 
227.86 0 226.5 129.8 223.0 149.0 0 188.0 230.33 229.33 151.29 0 219.14 0 0 156.75 0 196.6 190.5 0 207.8 161.29 1299.87 
0 0 0 270.8 180.8 170.5 276.8 287.5 222.0 213.4 138.25 270.75 0 204.25 215.0 0 193.6 197.5 360.0 251.0 0 105.25 217.0 220.0 141.0 1131.75 
0 273.5 196.0 217.75 250.0 136.0 173.0 0 207.67 204.0 122.6 186.71 199.33 220.5 194.89 179.0 212.0 210.0 181.5 206.5 380.5 
148.7 133.4 179.22 253.6 168.4 227.0 194.9 106.0 154.83 175.5 205.78 206.6 174.5 
177.8 132.0 177.8 178.38 215.0 208.71 259.75 157.0 204.75 

121.0 203.44 230.86 205.9 205.1 214.6 182.2 0 189.4 0 222.18 141.83 259.5 212.88 200.0 260.5 229.11 197.2 168.6 210.4 167.6 237.43 187.1 177.71 0 157.44 0 200.78 0 269.57 214.3 0 227.55 133.4 199.56 210.0 0 186.75 0 194.67 206.22 1564.02 

170.0 203.36 176.0 220.82 153.0 144.5 0 130.25 240.6 340.91999999999996 
0 199.17 179.75 145.57 173.57 163.33 0 188.25 0 134.0 113.5 201.14 177.0 179.0 254.0 237.75 134.0 235.0 197.33 183.0 190.29 169.67 266.67 150.5 149.5 185.25 0 184.14 704.61 




198.43 205.67 0 0 163.5 0 165.17 165.67 0 221.86 160.83 164.29 802.4900000000001 
143.67 125.0 169.5 0 152.5 183.0 306.0 162.67 167.75 143.17 158.25 258.83 229.83 283.8 0 114.5 202.5 0 154.33 209.0 142.75 158.5 281.5 0 210.0 174.25 194.2 182.5 180.25 0 0 208.5 121.25 172.5 183.0 233.33 239.67 237.5 207.33 1027.73 
195.14 137.62 176.0 0 196.88 194.71 166.0 236.75 188.57 157.14 227.0 179.5 170.0 210.56 218.33 208.43 0 0 177.62 709.08 
308.6 178.25 158.2 166.0 192.25 159.2 114.67 0 162.12 0 202.29 204.0 213.75 177.0 0 0 192.2 204.0 197.43 157.0 0 194.56 141.8 158.0 0 230.88 166.86 254.17 141.86 170.57 227.5 206.29 959.9000000000001 
180.5 213.43 0 222.71 238.6 251.0 183.71 254.17 0 230.33 0 275.25 202.5 125.0 0 188.29 220.0 190.17 0 175.71 146.33 0 975.96 
164.4 171.4 202.5 205.6 194.2 0 223.75 211.33 202.25 
207.5 239.0 243.67 268.17 222.33 198.0 195.6 0 205.67 179.33 0 186.5 224.0 241.0 214.83 212.5 211.67 299.0 270.0 211.33 162.5 167.0 354.0 
134.0 223.8 146.5 110.0 213.4 214.75 220.6 0 226.4 130.0 125.4 210.5 296.0 219.2 0 220.8 0 122.0 226.2 114.0 455.66999999999996 
102.33 234.0 0 184.78 191.75 227.0 211.12 164.56 181.0 255.5 225.71 201.33 214.29 0 172.86 297.91999999999996 
0 205.0 189.33 218.0 0 230.5 0 170.67 207.75 205.0 169.5 200.0 162.0 135.33 210.83 225.0 253.83 287.3 
216.57 153.5 247.75 166.5 0 213.67 129.5 224.57 204.88 141.33 288.29 251.86 177.14 160.5 189.25 193.88 0 141.0 246.67 227.83 204.33 581.4300000000001 
184.1 0 140.33 180.4 0 200.29 180.38 0 201.0 0 166.11 104.33 0 192.0 191.1 0 1062.06 
160.25 139.0 201.67 0 129.0 157.33 0 0 307.0 208.67 255.0 153.25 156.0 121.5 0 0 180.0 128.33 0 0 148.0 95.75 234.67 1140.75 
212.56 168.0 159.22 168.88 201.12 51.0 227.44 0 198.6 192.67 205.0 203.8 226.78 229.0 231.2 0 571.04 
175.0 0 98.0 183.0 0 223.5 222.57 146.8 170.0 133.0 127.5 179.71 203.6 184.0 223.0 173.5 203.5 182.25 238.17 159.67 164.67 192.33 170.33 172.33 0 138.17 0 237.43 201.6 380.5 0 160.14 932.79 
241.5 0 216.5 196.67 194.62 143.22 143.0 183.0 180.0 200.6 245.5 166.62 0 191.75 217.86 191.6 228.5 196.75 203.0 0 181.62 190.29 194.0 202.57 685.33 






182.67 147.67 143.67 221.2 0 159.5 163.2 174.5 193.8 156.2 192.0 178.0 174.0 217.5 239.0 0 170.33 176.83 160.33 247.25 222.8 491.75 
191.33 193.0 0 209.22 0 0 0 206.67 256.62 209.67 0 217.25 184.2 235.83 0 203.78 0 212.11 88.0 196.78 203.12 0 203.8 0 207.0 211.44 181.83 1987.91 
215.12 205.43 193.62 200.17 124.2 289.75 210.62 
245.0 199.0 163.14 0 195.5 227.5 265.14 0 0 0 179.0 269.33 225.71 199.25 188.57 212.25 161.25 227.62 0 160.0 209.88 0 0 196.0 189.14 154.5 0 195.75 169.83 161.67 101.8 195.0 186.33 1480.3199999999997 
317.5 149.0 143.0 215.83 0 173.17 0 212.83 217.33 243.8 484.34000000000003 
158.8 211.25 172.6 112.25 239.0 0 278.8 0 198.0 168.0 0 315.0 229.5 0 202.67 157.25 190.75 296.5 872.54 
0 160.33 174.0 0 171.5 160.0 98.33 258.0 204.67 120.0 0 138.0 110.0 268.0 186.5 0 0 160.5 0 215.67 149.5 0 214.5 0 206.5 253.33 95.0 491.0 152.33 268.5 231.33 0 187.67 712.0 
174.57 235.33 180.57 191.29 153.0 203.57 147.75 94.25 249.86 168.67 155.83 0 187.67 159.0 208.0 190.83 0 186.57 0 271.29 196.57 120.67 206.83 0 242.0 784.39 
0 187.2 166.5 185.2 216.5 219.2 178.0 93.0 0 141.6 243.0 164.6 129.33 356.8 
199.5 178.8 0 179.75 132.0 221.29 119.5 175.5 183.4 184.0 97.0 184.57 183.14 141.83 157.0 134.25 0 167.67 0 0 176.0 149.33 189.8 211.4 124.75 193.0 147.14 184.5 206.0 138.33 197.86 0 203.0 1038.91 
222.43 0 148.33 251.56 184.43 0 205.0 186.0 232.22 183.0 183.33 116.0 0 170.86 179.67 153.75 155.33 180.33 190.2 207.67 201.89 216.67 158.88 0 196.5 165.57 214.0 180.33 159.25 165.17 195.83 148.86 223.5 182.0 187.0 203.5 0 208.0 159.67 233.43 154.83 0 179.12 205.11 175.0 161.0 0 198.71 0 203.25 0 146.14 0 185.0 202.0 181.22 1898.0900000000001 

157.0 161.25 0 0 203.5 277.67 203.8 220.33 236.25 222.5 148.2 533.8399999999999 
324.5 233.5 251.8 202.5 187.2 0 197.75 218.4 0 302.0 178.5 0 544.9 
135.0 199.43 170.7 0 239.83 186.78 0 155.22 189.0 176.57 181.67 165.86 180.12 144.0 125.78 203.11 218.29 198.33 0 238.0 145.5 643.78 
195.86 177.1 150.22 235.57 187.8 198.0 197.8 214.88 231.5 168.17 212.29 184.43 195.67 185.1 
221.9 220.12 209.0 174.0 202.75 203.1 77.67 177.44 166.6 249.6 172.11 149.0 0 172.8 0 191.0 561.44 





