
0 116.0 131.75 0 0 0 83.88 0 0 0 49.8 214.22 22.14 0 40.71 0 52.33 0 0 60.55 0 0 0 0 0 73.56 0 0 0 0 0 98.2 336.2 
0 33.75 0 5.0 0 0 0 0 0 0 0 0 141.04 33.29 0 0 117.0 0 0 0 0 0 0 0 28.96 0 0 578.76 
0 18.5 0 0 54.67 0 0 0 10.89 0 0 0 0 0 0 59.21 0 86.0 89.5 69.43 0 0 0 0 559.1500000000001 
0 101.17 3.17 0 0 53.0 0 0 96.93 0 0 0 0 0 0 0 55.4 67.6 0 0 137.25 191.5 
0 83.5 0 21.5 0 0 0 0 0 0 0 0 0 86.0 
0 0 0 0 0 0 0 0 0 0 0 0 0 0 0 0 0 37.23 
0 0 0 19.6 0 60.0 0 37.5 0 0 0 0 22.25 0 65.33 0 0 249.33 0 0 228.67 381.19999999999993 
0 0 0 147.5 0 0 0 0 0 129.64 0 0 0 0 0 0 115.32 
0 0 0 303.14 0 0 0 224.8 0 0 0.16 0 0 7.75 0 0 0 0 0 55.4 0 0 147.17000000000002 
17.0 0 0 59.33 0 0 0 0 0.67 0 0 0 0 0 75.67 0 0 0 59.66 127.5 
0 5.21 0 0 0 43.67 32.6 0 0 0 0 0 0 88.38 0 0 0 0 0 13.8 0 24.33 0 0 117.25 209.86 
0 0 0 0 111.79 37.0 0 0 0 0 0 0 0 0 0 0 11.38 0 0 67.5 0 0 17.75 0 0 10.62 693.76 
0 0 0 0 0 20.12 0 0 0 0 14.91 0 0 19.64 0 0 27.0 66.64 0 0 0 0 0 0 61.2 7.33 
0 0 0 0 0 0 0 0 0 0 0 103.0 0 0 0 0 0 0 0 0 
0 0 0 69.25 0 0 0 75.0 7.5 59.0 0 0 0 0 72.2 206.96 
0 0 0 5.33 0 0 0 0 0 0 0 65.2 39.0 0 0 33.17 0 124.84 






2.72 22.93 0 0 0 0 0 0 0 0 34.5 0 490.72 
25.08 0 0 44.17 0 0 0 149.92 0 65.05 51.0 0 21.0 19.0 0 0 5.42 164.75 
0 0 0 54.87 0 0 260.0 
0 0 0 0 0 0 0 41.12 0 0 148.88 0 0 0 0 97.0 0 64.0 0 0 58.4 0 0 0 361.48 
103.25 0 267.05 0 0 0 12.2 0 0 0 119.33 0 0 14.42 0 0 37.75 0 0 130.0 16.5 0 0 0 0 940.36 
0 428.76 16.39 0 0 0 0 0 0 0 0 0 133.14 0 0 0 0 0 31.04 8.5 0 0 0 0 0 0 0 0 0 474.08 
0 0 0 54.6 0 0 0 191.97 77.0 0 0 26.6 0 97.8 185.66 0 0 0 43.4 0 41.33 0 0 0 0 0 8.4 52.03 
35.2 0 0 150.87 0 0 0 0 15.77 0 0 0 0 0 53.0 73.57 369.14 
0 0 0 0 0 0 0 0 32.67 0 0 0 44.0 0 0 84.25 0 0 0 0 5.53 0 368.46 
0 0 0 0 3.8 0 0 0 0 0 0 0 0 0 0 0 0 134.5 0 0 0 0 0 0 0 157.0 
0 0 0 31.0 0 36.0 0 0 41.28 0 0 0 0 0 77.97 48.0 0 0 110.75 132.5 16.33 
0 0 0 0 0 0 0 0 0 33.6 53.22 169.7 0 
0 0 0 0 0 0 0 0 0 

0 0 0 0 8.8 1.9 0 0 0 0 0 0 0 0 27.8 0 0 0 0 0 0 0 28.4 0 0 2.56 0 0 0 0 138.7 0 277.32 0 43.89 253.6 0 0 0 113.22 22.28 456.98 

0 0 0 0 0 0 0 0 0 98.43 
0 57.83 0 179.43 0 0 0 0 0 0 0 57.29 0 98.14 0 0 0 0 0 0 0 0 0 0 0 114.75 0 0 139.75 




0 8.33 0 0 0 0 0 0 0 141.71 78.17 24.47 642.1700000000001 
157.17 0 40.5 0 0 0 0 70.83 54.25 13.92 0 0 33.17 0 0 89.17 18.17 0 103.17 0 59.25 0 0 0 27.75 29.75 51.05 0 0 0 0 0 93.25 0 0 0 0 0 15.0 186.92000000000002 
0 0 98.5 0 70.58 0 0 0 0 79.86 0 0 0 36.11 0 0 0 0 0 137.25 
0 0 0 158.5 0 0 45.33 0 1.12 0 0 0 0 73.95 0 0 0 0 0 0 0 0 0 0 0 0 0 0 59.14 0 0 0 284.5 
0 132.46 0 0 0 0 50.54 0 0 0 0 0 194.7 0 0 10.31 0 0 0 18.2 127.13 0 358.11 
0 0 0 0 0 0 0 0 0 
0 0 0 0 0 0 59.4 0 0 0 0 0 5.0 0 0 0 52.5 0 0 0 0 0 23.5 
85.0 0 43.0 53.0 0 0 0 0 0 48.0 0 0 0 0 0 4.7 0 0 0 0 138.82999999999998 
54.17 0 0 35.22 0 0 700.5 144.78 79.0 0 3.07 25.67 0 0 0 15.33 
0 0 76.0 0 0 0 0 68.16 0 0 136.17 0 0 44.33 0 0 0 162.5 
347.0 0 0 0 0 0 0 0 0 0 8.71 0 0 197.75 0 0 0 0 0 184.17 0 63.0 
0 0 40.67 60.9 0 0 0 0 0 0 0 0 0 0 0 0 195.90000000000003 
25.25 116.0 0 0 0 59.67 0 0 0 0 0 222.5 0 25.5 0 0 0 74.25 0 0 0 17.42 0 733.9900000000001 
0 145.0 24.28 127.62 62.88 0 0 0 0 63.33 0 0 0 0 0 0 36.21 
0 0 0 0 0 0 0 0 0 104.0 0 0 0 0 34.0 0 0 0 0 0 0 0 0 50.0 0 0 0 0 0 0 0 0 363.83000000000004 
0 0 0 0 83.62 0 0 12.14 0 0 0 0 0 0 246.0 0 0 11.5 0 0 0 0 0 0 84.92 






150.83 0 134.33 0 0 0 271.47 0 18.53 0 6.5 225.0 0 122.17 0 0 46.67 40.0 0 0 0 450.75 
0 117.38 0 190.22 0 0 0 0 0 0 0 0 5.27 0 0 18.11 0 40.0 0 0 69.05 0 0 0 0 50.67 0 1062.23 
0 22.36 0 0 159.27 0 0 
0 71.0 71.86 0 0 0 0 0 0 0 68.08 0 0 35.87 0 0 211.25 0 0 0 54.0 0 0 37.93 5.53 0 0 0 0 28.33 0 152.86 98.42 732.16 
0 121.25 0 0 0 149.43 0 0 71.34 245.8 102.33 
40.5 0 0 53.35 0 0 0 0 0 0 0 0 0 0 0 0 0 0 262.41 
0 0 0 0 0 0 0 92.0 0 57.8 0 2.33 6.2 0 7.7 0 0 79.75 0 0 79.5 0 0 0 0 0 56.6 0 0 0 53.17 0 0 197.92000000000002 
0 0 0 5.76 0 0 71.25 57.0 0 118.33 80.84 0 0 0 0 83.5 0 0 0 0 0 0 0 0 0 261.09000000000003 
0 192.7 0 0 0 0 0 0 0 0 0 217.8 0 0 
0 0 0 0 0 131.43 0 0 123.6 0 0 67.43 0 70.17 0 0 0 0 0 0 0 0 0 0 0 0 0 0 0 0 0 0 0 345.5 
0 0 77.78 0 0 0 0 0 0 0 26.56 0 0 0 0 0 0 36.67 0 0 0 0 0 0 0 0 0 0 0 0 21.17 0 0 0 0 0 0 0 0 70.14 0 0 0 0 59.17 0 0 24.14 0 0 0 15.43 0 0 44.0 0 1200.29 

0 0 0 0 8.0 0 0 103.0 0 0 102.97 151.0 
0 0 6.2 0 0 0 58.0 0 0 0 0 0 327.5 
300.0 0 199.4 0 164.17 93.5 0 0 57.38 0 0 0 90.38 89.1 63.28 0 0 31.67 0 0 0 123.45 
0 0 84.78 0 0 0 0 0 0 0 55.57 0 0 0 
0 0 0 0 0 39.1 215.33 0 4.8 56.6 0 0 0 0 0 125.0 179.25 





