
0 204.33 146.25 0 291.67 253.29 190.12 207.6 0 0 236.2 192.11 154.86 176.0 328.29 0 209.0 226.71 234.88 236.78 166.6 0 0 252.62 148.0 237.11 185.5 224.83 273.5 267.29 0 140.8 1554.1299999999999 
310.0 374.0 261.71 283.0 0 291.0 188.0 0 213.71 0 422.57 96.0 211.71 203.71 353.8 165.33 218.0 213.0 248.33 0 247.33 0 207.25 146.0 229.71 0 0 1250.3999999999999 
0 184.0 258.11 126.33 214.83 160.17 0 0 194.11 157.25 134.67 334.89 157.57 0 240.62 191.12 0 127.0 101.5 389.9 160.5 312.0 313.89 259.4 1135.35 
0 201.33 169.83 146.0 197.17 181.0 181.83 0 202.4 388.83 0 281.75 235.0 204.33 253.67 0 243.0 126.4 134.0 166.5 166.0 509.3 
424.67 241.0 202.2 144.5 0 0 190.5 268.4 223.5 0 208.0 238.0 226.75 764.2 
562.17 247.0 259.0 189.83 272.17 0 176.75 175.33 335.5 246.67 257.5 166.0 197.67 0 231.6 0 244.5 620.3399999999999 
0 244.75 299.0 231.4 212.33 228.2 0 180.5 217.8 198.8 0 381.83 135.0 222.83 177.67 351.0 0 127.0 221.17 0 341.83 726.03 
0 0 407.0 206.67 190.83 222.57 190.33 184.8 239.5 201.86 0 0 190.5 239.67 144.4 240.83 867.83 
298.0 310.0 272.8 207.86 200.67 409.29 304.0 174.2 246.33 224.8 343.17 210.2 0 250.0 0 313.0 303.0 198.67 234.17 199.6 193.0 245.86 552.0 
296.33 314.5 213.33 159.67 256.8 647.0 254.2 216.5 224.33 0 266.5 0 212.75 188.5 180.33 170.5 201.83 325.83 204.67 517.3299999999999 
0 230.29 256.5 240.0 221.62 148.33 144.4 0 195.38 190.0 174.2 298.62 144.0 188.12 0 233.29 0 0 311.12 157.2 182.0 193.17 254.83 155.71 230.75 865.3499999999999 
177.0 188.29 284.86 213.8 219.71 292.0 0 0 206.25 249.6 425.5 265.67 228.0 309.38 331.0 0 232.12 125.2 375.38 292.5 170.75 169.0 315.25 368.0 202.8 266.38 782.24 
317.83 194.4 213.9 0 175.0 201.88 183.67 149.67 204.5 232.0 216.09 221.09 142.0 300.36 302.7 119.25 214.0 163.36 95.0 172.0 264.33 216.8 235.67 177.0 333.8 352.54999999999995 
316.2 195.8 264.56 41.0 206.75 139.67 244.44 158.0 217.43 455.2 257.5 217.0 57.0 288.9 142.0 394.3 325.3 138.5 376.5 197.22 
223.0 336.29 171.83 181.75 290.17 210.83 185.5 295.0 248.5 304.0 201.0 213.6 0 178.8 153.8 532.04 
228.67 323.83 173.67 203.67 269.33 174.67 0 188.6 0 238.4 211.0 208.8 189.0 134.0 0 411.83 229.8 587.1600000000001 






266.78 167.4 196.86 206.17 0 0 219.67 0 0 279.71 168.0 342.56 829.9499999999999 
203.17 274.83 0 198.33 236.67 204.0 104.0 292.33 167.5 221.2 257.33 247.67 209.0 163.0 0 191.67 410.33 538.25 
285.83 310.67 0 207.33 310.5 194.6 305.5 
293.62 0 391.75 27.0 293.75 154.25 288.5 327.38 165.57 144.33 312.12 323.0 0 233.6 207.86 162.5 0 220.0 212.5 291.88 340.6 227.83 0 0 1014.35 
263.75 224.17 171.2 0 280.67 0 187.8 0 301.8 130.0 197.67 310.67 0 230.33 223.6 0 189.25 0 175.5 174.0 171.25 0 193.5 220.5 341.0 1342.64 
173.0 374.57 238.86 226.17 0 232.0 200.8 197.6 245.33 205.67 0 281.5 208.86 289.29 137.67 0 0 0 274.29 188.0 0 250.0 430.14 271.5 0 207.67 127.33 185.0 234.0 1127.17 
0 332.5 0 214.4 0 281.2 222.0 220.2 182.67 255.0 257.5 165.0 229.0 142.8 97.67 0 268.6 0 205.0 0 205.67 236.0 0 221.25 0 381.8 278.6 395.0 
264.8 244.6 155.33 201.8 0 193.0 0 0 165.4 249.33 273.2 0 0 211.2 165.0 171.6 1027.65 
249.29 0 226.5 206.2 223.0 149.0 0 249.5 230.33 229.33 203.71 0 234.0 0 0 156.75 0 196.6 190.5 0 207.8 211.14 1416.87 
0 314.0 261.0 270.8 227.2 170.5 333.6 287.5 292.0 288.4 166.75 270.75 0 204.25 215.0 0 193.6 197.5 360.0 268.6 0 123.0 268.0 267.0 432.4 743.0 
0 360.25 307.29 217.75 445.0 136.0 0 213.2 269.22 210.33 122.6 288.0 199.33 220.5 246.78 179.0 279.33 313.0 181.5 206.5 375.5 
304.8 133.4 187.33 253.6 168.4 227.0 246.9 106.0 154.83 315.4 205.78 239.3 174.5 
350.4 175.71 177.8 178.38 215.0 298.71 259.75 217.4 248.75 

121.0 235.11 262.29 214.3 232.2 214.6 189.3 0 189.4 0 304.64 169.17 278.0 212.88 210.2 260.5 249.78 197.2 168.6 255.1 167.6 237.43 240.6 177.71 0 193.44 244.8 200.78 0 311.29 262.3 0 312.18 133.4 232.11 224.4 0 203.5 0 207.78 256.22 1363.52 

170.0 348.0 225.91 338.09 153.0 161.3 0 130.25 453.0 348.78999999999996 
0 199.17 179.75 162.57 211.43 163.33 246.43 230.5 0 169.57 125.33 236.71 177.0 199.86 343.38 305.62 134.0 261.83 197.33 203.25 242.43 169.67 318.17 150.5 149.5 185.25 0 232.29 560.75 




254.0 205.67 0 0 163.5 0 208.0 165.67 0 318.29 160.83 203.86 802.4900000000001 
338.33 125.0 169.5 0 152.5 209.67 306.0 191.17 203.75 197.83 158.25 276.5 229.83 283.8 0 114.5 231.33 0 154.33 209.0 214.0 158.5 281.5 0 372.5 174.25 194.2 242.5 219.75 0 0 208.5 121.25 172.5 183.0 242.0 239.67 279.5 243.5 1100.33 
268.43 0 176.0 0 220.75 296.57 252.0 236.75 293.43 157.14 247.2 286.12 170.0 219.89 218.33 208.43 0 203.0 221.62 771.75 
327.2 233.5 158.2 186.0 192.25 159.2 114.67 0 267.88 0 221.71 204.0 299.25 192.38 0 215.2 192.2 204.0 227.71 166.71 0 223.78 141.8 158.0 0 230.88 166.86 254.17 175.86 0 286.17 206.29 1008.47 
180.5 268.29 0 222.71 238.6 251.0 233.86 0 0 276.5 0 275.25 202.5 125.0 0 257.29 286.0 236.17 0 197.0 156.67 0 1301.4599999999998 
297.8 171.4 202.5 205.6 194.2 0 223.75 211.33 282.25 
273.67 239.0 340.83 268.17 274.17 198.0 195.6 0 227.83 179.33 0 0 224.0 304.5 214.83 212.5 211.67 299.0 270.0 221.67 162.5 201.17 540.5 
134.0 236.0 146.5 110.0 249.6 267.75 220.6 0 226.4 130.0 125.4 252.75 296.0 219.2 0 220.8 0 122.0 226.2 114.0 507.66999999999996 
102.33 252.86 0 184.78 293.5 301.62 268.0 275.22 181.0 255.5 276.43 201.33 214.29 0 218.43 326.16999999999996 
0 0 224.33 218.0 0 230.5 0 170.67 207.75 205.0 169.5 200.0 162.0 173.67 240.0 225.0 283.67 492.3 
288.0 203.0 293.38 175.67 0 274.11 129.5 266.43 271.62 141.33 288.29 277.0 201.14 171.25 209.5 255.62 0 141.0 262.33 227.83 204.33 658.14 
202.6 0 140.33 198.1 0 215.14 180.38 0 236.5 0 196.78 104.33 0 192.0 206.3 0 1156.85 
160.25 217.0 201.67 0 0 157.33 0 0 307.0 254.33 255.0 242.25 156.0 121.5 0 0 180.0 256.0 0 0 148.0 189.25 234.67 1269.75 
287.22 168.0 192.22 168.88 227.12 51.0 227.44 0 241.4 192.67 205.0 203.8 306.33 229.0 231.2 0 602.29 
199.4 0 98.0 245.43 0 316.67 252.57 213.0 170.0 133.0 127.5 273.14 203.6 184.0 223.0 197.5 203.5 182.25 266.83 159.67 164.67 192.33 170.33 209.0 0 138.17 0 267.0 201.6 380.5 0 160.14 1014.03 
241.5 0 216.5 196.67 245.38 162.33 143.0 210.86 180.0 200.6 245.5 204.25 0 191.75 240.0 191.6 228.5 255.5 203.0 0 181.62 190.29 194.0 202.57 751.33 






235.67 187.67 143.67 257.4 0 159.5 163.2 174.5 193.8 182.0 192.0 178.0 205.0 217.5 334.0 0 170.33 215.0 160.33 247.25 347.6 673.9200000000001 
285.67 236.12 0 238.11 0 0 0 206.67 261.75 209.67 0 272.38 237.4 235.83 383.0 231.89 0 226.33 0 366.78 247.62 0 203.8 0 207.0 254.33 210.33 1933.27 
311.25 224.14 277.0 200.17 159.4 463.0 844.12 
548.5 199.0 163.14 0 279.5 282.25 321.86 0 0 254.67 202.67 350.0 225.71 216.88 188.57 261.75 206.75 247.75 0 160.0 329.0 0 0 230.57 189.14 154.5 262.33 195.75 169.83 161.67 101.8 274.14 186.33 1167.05 
317.5 149.0 183.6 247.17 0 225.17 0 248.17 217.33 310.6 581.6700000000001 
210.0 211.25 172.6 112.25 272.6 0 587.8 0 284.33 201.5 0 315.0 258.75 0 230.67 157.25 215.5 296.5 928.14 
0 234.67 174.0 0 171.5 195.5 448.33 277.0 242.33 120.0 0 231.67 110.0 268.0 186.5 0 0 160.5 0 234.67 149.5 0 214.5 0 206.5 267.33 95.0 491.0 210.33 268.5 550.0 0 368.33 870.0 
290.71 235.33 281.0 298.57 153.0 224.57 147.75 94.25 335.0 168.67 155.83 0 219.83 159.0 303.0 244.5 0 198.29 0 428.43 229.29 120.67 234.5 0 273.0 799.0600000000001 
0 224.8 166.5 247.2 216.5 219.2 178.0 216.0 206.8 231.2 243.0 207.2 129.33 231.2 
199.5 237.6 0 179.75 192.75 230.57 182.17 175.5 183.4 184.0 172.0 231.57 207.71 141.83 186.83 134.25 0 185.33 0 0 217.6 228.67 211.6 218.2 124.75 334.75 250.71 184.5 225.43 138.33 446.57 0 244.71 1058.25 
268.71 0 269.22 332.89 194.29 0 233.8 217.14 513.89 301.0 268.44 116.0 0 170.86 194.33 153.75 155.33 228.33 190.2 207.67 811.11 267.89 158.88 0 196.5 178.29 214.0 192.83 159.25 165.17 203.83 148.86 223.5 182.0 229.0 203.5 0 306.89 159.67 257.86 197.17 0 237.5 226.89 195.83 161.0 0 221.86 0 203.25 0 212.57 0 185.0 202.0 250.67 2022.7099999999998 

386.83 185.75 0 0 203.5 277.67 203.8 220.33 283.5 222.5 148.2 579.33 
430.0 261.25 251.8 202.5 187.2 0 264.0 218.4 0 302.0 211.25 0 688.3 
135.0 241.14 280.6 0 239.83 200.0 0 172.33 226.62 176.57 219.67 188.29 180.12 153.4 143.22 280.22 218.29 198.33 0 238.0 169.25 768.55 
195.86 306.7 161.22 235.57 187.8 198.0 215.2 242.88 231.5 272.83 229.43 235.86 195.67 226.5 
488.9 247.5 209.0 191.1 202.75 215.9 77.67 177.44 384.2 328.4 218.89 206.17 0 199.7 0 191.0 680.75 





