
0 320.33 278.0 0 199.33 191.0 274.0 0 0 0 286.0 406.33 177.0 0 369.0 0 261.33 177.33 150.33 297.33 0 0 0 217.67 0 310.67 0 195.67 172.0 214.0 0 239.0 1861.67 
0 407.75 197.0 288.0 0 199.75 93.5 0 193.0 0 206.0 0 352.75 237.0 301.0 0 335.0 207.0 95.0 0 130.0 0 52.0 0 258.67 0 0 1828.83 
0 202.5 235.67 51.0 269.5 108.0 0 0 205.0 154.0 95.0 228.0 139.0 0 89.5 250.33 0 213.0 191.0 459.33 0 237.67 250.67 207.0 1694.5 
0 302.5 173.0 101.5 174.33 234.0 155.33 0 299.33 372.8 0 174.25 224.8 176.67 186.0 0 298.4 194.0 0 165.0 303.25 661.75 
159.75 324.5 155.67 166.0 0 0 181.0 179.0 188.0 0 141.0 185.67 160.75 835.67 
398.0 81.5 197.33 169.6 244.4 157.0 0 174.0 248.8 148.5 167.0 120.33 125.25 0 170.2 0 159.5 609.0 
0 182.8 229.17 251.0 151.33 288.2 0 218.0 158.17 186.2 0 257.17 157.25 163.25 243.0 129.0 0 376.33 213.2 181.5 570.5 1107.23 
226.0 0 368.17 354.17 55.0 212.0 156.33 151.67 159.5 331.5 0 0 183.25 209.17 142.6 162.75 824.3199999999999 
148.0 226.0 199.25 511.0 182.0 272.25 243.0 399.0 124.33 190.5 343.33 158.5 0 257.75 0 182.75 223.25 151.33 173.25 255.0 148.0 131.0 562.17 
313.33 278.75 178.33 219.0 200.75 480.5 168.5 167.67 225.0 0 221.0 0 170.67 171.25 256.0 140.5 165.5 296.67 264.33 536.25 
0 235.5 238.0 166.0 158.0 192.0 177.0 0 176.0 53.0 166.0 248.0 0 276.5 0 186.5 0 0 271.0 171.0 147.0 217.5 189.0 153.0 348.0 1007.0 
0 150.5 280.5 172.0 331.5 329.0 0 0 0 100.0 184.0 158.5 188.0 248.0 204.0 0 243.5 113.0 209.5 360.0 102.0 0 333.0 0 0 277.0 1476.0 
20.0 0 165.0 0 0 222.0 0 0 0 0 231.0 201.0 0 320.0 253.0 0 241.0 230.0 0 0 240.0 0 159.0 0 395.0 210.0 
219.0 0 236.0 0 117.0 80.0 137.0 0 77.0 269.0 0 320.0 0 233.0 0 176.0 302.0 0 275.0 0 
0 310.0 0 251.0 136.0 199.0 76.0 370.0 256.0 363.0 139.0 0 0 0 226.0 739.0 
128.0 295.0 137.0 209.0 232.0 0 0 72.0 0 86.0 0 274.0 228.0 0 0 445.0 216.0 712.0 






269.5 190.33 173.0 175.5 0 0 204.67 0 0 167.0 202.5 275.0 1320.67 
228.25 252.0 0 242.5 194.25 198.5 0 442.25 142.5 286.25 308.33 221.33 230.0 182.0 0 157.0 415.75 703.0 
226.0 97.0 0 262.2 243.75 193.5 565.5 
212.0 0 243.0 0 274.5 0 268.0 368.5 117.5 66.0 461.0 200.0 0 207.5 172.0 259.5 0 284.0 150.0 192.5 399.0 207.0 0 0 1219.5 
367.0 206.0 438.25 0 219.0 0 200.0 0 170.67 110.0 317.0 290.0 0 244.75 0 0 227.0 0 121.0 304.0 187.75 0 138.0 171.0 240.0 2283.0 
155.0 803.33 255.25 100.0 0 201.5 192.75 142.5 182.0 184.33 0 214.0 342.0 248.5 132.25 0 0 0 305.33 196.5 211.0 158.0 357.75 178.67 0 196.0 125.0 160.0 163.5 1582.08 
165.0 231.67 228.6 269.0 106.0 243.5 119.33 412.17 259.67 231.6 229.0 191.6 0 240.6 283.33 139.0 193.2 304.0 248.4 56.0 247.0 205.75 0 213.25 227.0 230.83 287.0 447.03 
300.0 168.83 141.0 352.67 0 191.4 0 0 181.17 150.33 253.83 74.0 0 189.4 218.0 245.17 1396.79 
211.0 0 162.5 181.75 0 126.0 0 187.5 263.0 173.5 148.0 0 278.0 0 0 241.0 0 170.33 117.0 0 213.33 155.25 1639.75 
264.0 262.5 159.0 233.5 231.0 0 208.5 0 0 279.5 91.0 126.5 0 144.0 0 0 28.0 332.0 143.0 216.0 0 0 194.0 141.0 361.5 709.5 
0 342.5 216.25 248.75 437.0 172.0 0 189.5 310.5 173.5 108.0 243.67 177.0 192.0 324.75 227.0 177.0 240.25 292.25 339.0 270.33000000000004 
300.0 0 0 238.0 0 134.0 103.0 0 117.0 349.0 259.0 409.0 0 
207.0 0 162.0 70.0 0 283.0 226.0 0 159.0 

0 182.0 152.0 71.0 241.0 216.5 166.0 0 171.5 0 188.0 92.0 237.0 170.0 238.0 158.5 164.5 0 0 236.0 132.0 226.5 269.0 0 0 196.0 223.5 162.0 0 229.0 401.0 0 589.5 0 276.0 478.0 0 141.0 0 321.0 278.5 1689.5 

0 198.0 170.0 279.0 151.0 0 0 0 451.0 284.0 
84.0 257.0 0 342.0 0 0 235.0 0 0 138.0 0 294.0 95.0 298.0 153.0 272.0 0 219.0 0 0 0 159.0 248.0 0 0 300.0 0 218.0 453.0 




202.5 214.0 0 0 96.0 0 188.33 0 0 460.0 239.0 228.33 1378.33 
495.5 0 210.0 0 135.0 193.5 184.5 262.0 258.0 211.75 0 198.33 263.0 267.0 0 203.67 249.5 0 257.5 204.0 273.25 140.67 195.33 0 400.25 204.0 245.25 115.0 202.0 0 0 200.33 214.5 135.0 169.5 180.0 200.0 142.0 258.5 1216.75 
238.67 0 274.5 0 291.33 211.5 0 160.5 124.33 237.0 0 269.0 0 256.0 152.0 11.5 0 182.0 156.5 680.0 
308.5 160.5 91.0 344.5 0 139.5 160.0 0 269.0 0 172.0 0 186.5 266.33 0 130.5 191.0 127.0 157.5 154.0 122.0 220.5 113.0 0 0 190.25 141.0 197.5 235.0 0 244.25 0 1093.17 
130.5 400.75 0 194.6 178.6 170.5 284.4 0 0 187.8 0 104.0 397.2 99.0 0 267.6 185.0 221.4 0 215.2 283.8 0 1634.4 
174.0 147.75 186.75 168.33 193.75 168.5 193.8 202.0 237.33 
257.67 116.5 324.67 251.6 206.8 101.0 255.0 0 203.4 124.5 165.0 0 229.0 266.0 191.0 183.33 264.17 120.0 74.0 186.4 148.5 153.5 378.33000000000004 
219.0 198.5 189.5 163.0 154.33 151.0 179.67 0 143.0 178.0 89.75 152.5 143.33 188.33 0 225.5 0 0 225.5 86.0 540.5 
156.5 199.0 0 220.0 190.0 298.5 968.5 420.0 260.0 236.5 279.5 227.0 204.5 0 212.5 310.5 
0 0 300.33 148.0 0 124.2 0 238.83 170.0 163.67 305.67 150.5 96.0 218.0 186.75 187.0 215.83 824.8 
635.0 0 220.0 0 0 0 0 249.0 171.0 0 297.0 0 0 369.0 184.0 0 0 0 0 412.0 0 563.0 
73.0 122.0 181.0 259.0 0 158.0 0 0 0 0 117.0 0 0 0 177.0 0 1091.0 
185.5 333.0 177.0 0 0 217.0 0 0 197.0 214.75 155.0 464.75 146.33 147.0 0 0 178.0 330.25 99.5 0 104.0 206.67 198.33 2003.7399999999998 
209.0 313.0 216.5 296.5 290.0 0 205.0 0 0 256.0 0 157.0 268.0 114.0 185.5 0 569.5 
122.0 0 0 189.0 0 287.0 122.0 82.0 0 237.0 0 173.0 0 0 257.0 0 0 0 237.0 137.0 0 0 110.0 259.0 0 0 0 121.0 0 0 0 0 1312.0 
24.0 0 0 0 329.0 0 0 223.0 0 0 192.0 0 0 0 486.0 0 0 267.0 0 0 0 177.0 0 152.0 581.0 






386.5 150.5 278.0 152.5 0 144.67 434.67 0 212.33 132.5 198.5 403.0 0 339.67 163.0 0 217.0 255.0 0 149.0 178.0 1039.5 
263.0 353.5 0 428.33 0 0 0 198.0 119.67 126.5 0 0 242.67 0 298.0 250.0 0 266.33 0 253.33 316.67 0 132.0 0 196.5 305.0 0 2995.5 
294.25 246.5 236.75 198.33 318.67 279.75 516.25 
359.25 270.0 235.0 0 184.0 250.5 219.67 0 0 193.0 270.75 213.0 0 252.75 177.0 74.0 418.0 170.0 0 0 383.0 0 0 268.5 194.67 0 204.5 94.0 163.0 190.0 0 427.0 284.75 1772.5 
159.0 270.25 182.0 229.4 0 374.6 0 163.2 288.67 556.4 621.8 
250.5 165.75 151.5 165.6 223.8 0 258.0 0 201.25 141.0 0 198.33 160.4 0 216.8 135.5 143.67 219.75 1092.3500000000001 
155.0 190.6 160.6 0 108.5 157.5 155.8 369.0 154.4 177.8 117.0 234.0 116.2 185.8 194.2 0 0 240.25 150.0 191.6 229.0 214.0 200.5 153.4 133.0 237.0 151.6 206.0 197.8 138.0 603.17 0 229.0 1037.12 
280.5 0 200.75 304.33 0 178.67 219.0 151.25 281.0 287.0 236.67 0 186.0 135.0 188.0 328.0 0 173.0 0 289.5 199.25 54.0 200.5 0 239.25 1055.25 
0 417.5 0 187.5 158.0 183.0 159.5 0 186.0 195.0 0 425.0 0 140.0 
0 137.0 0 0 0 362.0 155.0 0 307.0 93.0 0 299.0 19.0 212.0 167.0 0 0 0 0 0 146.0 0 165.0 0 0 236.0 0 174.0 180.0 0 208.0 0 129.0 1231.0 
188.0 0 347.0 66.0 0 0 159.0 103.0 434.0 0 295.0 0 0 146.0 146.0 0 0 265.0 0 109.0 0 239.0 0 0 0 127.0 0 0 0 0 225.0 102.0 0 33.0 167.0 0 0 271.0 0 328.0 0 0 65.0 0 255.0 145.0 0 246.0 0 0 0 228.0 0 0 246.0 0 3223.0 

356.33 159.75 0 0 211.5 196.25 191.0 323.33 268.5 138.8 251.17 730.33 
161.5 123.5 258.0 184.5 179.33 0 322.0 207.5 0 140.0 174.67 0 901.5 
435.0 16.0 480.0 0 404.0 293.5 0 0 284.0 0 145.5 163.5 270.5 242.5 206.5 264.0 140.5 230.0 0 0 126.0 892.0 
30.0 257.0 246.0 152.0 0 0 0 221.0 0 133.0 285.0 0 39.0 0 
397.0 109.0 159.0 141.0 176.0 255.0 293.0 119.0 389.0 385.0 161.0 0 0 174.0 0 316.0 599.0 





